1,-0.01,0.94,-0.05,13.91,-51.04,16.49,87.13,0.37,-2.83
4205,-0.01,0.93,-0.05,14.41,-47.01,13.98,87.02,0.82,-2.86
7829,-0.02,0.93,-0.05,14.49,-42.89,11.45,86.88,1.08,-2.92
11441,-0.02,0.93,-0.05,14.24,-39.68,9.57,86.83,1.23,-2.91
15052,-0.02,0.93,-0.05,13.63,-35.30,7.33,86.86,1.25,-2.86
18644,-0.02,0.92,-0.04,12.90,-30.89,5.39,87.09,1.09,-2.69
22254,-0.01,0.92,-0.04,12.29,-27.69,4.06,87.45,0.59,-2.46
25865,-0.00,0.91,-0.03,11.37,-23.88,2.27,87.85,0.03,-2.14
29478,0.01,0.91,-0.03,10.63,-21.51,0.90,88.21,-0.80,-1.58
33116,0.03,0.91,-0.02,9.60,-18.92,-0.98,87.94,-1.70,-1.14
36729,0.04,0.90,-0.01,8.69,-16.82,-2.72,87.51,-2.35,-0.79
40357,0.05,0.90,-0.00,8.09,-15.60,-3.95,86.80,-3.18,-0.20
43971,0.06,0.91,0.01,7.50,-14.49,-5.54,86.01,-3.95,0.52
47592,0.07,0.91,0.02,7.08,-14.00,-7.04,85.37,-4.50,1.03
51219,0.08,0.91,0.02,6.90,-13.91,-8.12,84.63,-5.14,1.50
54849,0.09,0.92,0.03,6.84,-13.92,-9.40,84.07,-5.66,1.71
58474,0.10,0.92,0.03,6.95,-13.86,-10.55,83.70,-6.04,1.72
62104,0.11,0.93,0.03,7.07,-13.63,-11.31,83.33,-6.48,1.53
65721,0.11,0.94,0.02,7.25,-13.05,-12.21,83.00,-6.88,1.20
69339,0.12,0.94,0.01,7.45,-12.15,-12.99,82.81,-7.13,0.85
72967,0.12,0.95,0.01,7.56,-11.30,-13.44,82.54,-7.44,0.36
76610,0.13,0.95,-0.00,7.56,-9.86,-13.92,82.36,-7.63,-0.17
80228,0.13,0.96,-0.01,7.39,-8.24,-14.23,82.25,-7.72,-0.55
83915,0.13,0.96,-0.02,7.13,-6.89,-14.34,82.05,-7.87,-1.07
87551,0.14,0.96,-0.03,6.60,-4.99,-14.35,81.83,-8.01,-1.53
91175,0.14,0.96,-0.03,5.88,-3.05,-14.20,81.69,-8.10,-1.82
94806,0.14,0.96,-0.04,5.21,-1.54,-14.00,81.46,-8.24,-2.16
98439,0.14,0.96,-0.04,4.17,0.46,-13.60,81.34,-8.32,-2.33
102068,0.14,0.96,-0.04,3.04,2.34,-13.07,81.30,-8.34,-2.43
105669,0.14,0.96,-0.04,2.12,3.60,-12.66,81.21,-8.43,-2.45
109291,0.14,0.96,-0.04,0.98,5.07,-12.05,81.19,-8.49,-2.31
112888,0.14,0.96,-0.04,-0.12,6.18,-11.44,81.21,-8.50,-2.19
116500,0.14,0.96,-0.03,-0.93,6.78,-10.93,81.24,-8.51,-2.01
120117,0.14,0.96,-0.03,-1.94,7.36,-10.24,81.30,-8.47,-1.94
123723,0.14,0.96,-0.03,-2.90,7.73,-9.57,81.32,-8.46,-1.86
127331,0.14,0.96,-0.03,-3.57,7.89,-9.04,81.38,-8.41,-1.85
130929,0.14,0.96,-0.03,-4.43,7.98,-8.32,81.34,-8.45,-1.82
134559,0.14,0.96,-0.03,-5.22,8.06,-7.63,81.33,-8.46,-1.84
138170,0.14,0.96,-0.03,-5.77,8.12,-7.13,81.28,-8.50,-1.87
141785,0.14,0.96,-0.03,-6.44,8.31,-6.49,81.28,-8.49,-1.95
145402,0.14,0.96,-0.03,-7.08,8.53,-5.83,81.21,-8.56,-1.94
149008,0.14,0.96,-0.04,-7.54,8.78,-5.33,81.19,-8.54,-2.10
152618,0.14,0.96,-0.04,-8.11,9.24,-4.70,81.20,-8.47,-2.32
156225,0.14,0.96,-0.04,-8.63,9.85,-4.05,81.20,-8.41,-2.53
159829,0.14,0.96,-0.05,-8.99,10.43,-3.53,81.19,-8.35,-2.76
163431,0.14,0.96,-0.05,-9.45,11.40,-2.89,81.18,-8.31,-2.89
167040,0.14,0.96,-0.05,-9.74,12.31,-2.34,81.19,-8.25,-3.05
170642,0.14,0.96,-0.06,-10.09,13.63,-1.60,81.15,-8.20,-3.29
174252,0.14,0.96,-0.06,-10.40,15.05,-0.87,81.15,-8.15,-3.40
177870,0.14,0.95,-0.06,-10.63,16.20,-0.32,81.13,-8.08,-3.61
181500,0.13,0.95,-0.06,-10.90,17.85,0.41,81.17,-7.97,-3.76
185179,0.13,0.95,-0.06,-11.15,19.51,1.11,81.18,-7.92,-3.83
188810,0.13,0.94,-0.06,-11.30,20.72,1.65,81.17,-7.90,-3.90
192426,0.13,0.94,-0.07,-11.50,22.27,2.26,81.14,-7.91,-3.93
196048,0.13,0.94,-0.07,-11.66,23.71,2.82,81.10,-7.90,-4.04
199655,0.13,0.94,-0.07,-11.76,24.63,3.15,81.25,-7.80,-3.91
203278,0.13,0.95,-0.06,-11.82,25.44,3.48,81.46,-7.71,-3.64
206881,0.13,0.96,-0.06,-11.88,25.95,3.65,81.56,-7.67,-3.47
210496,0.13,0.98,-0.06,-11.98,26.29,3.69,81.55,-7.66,-3.52
214130,0.13,1.00,-0.06,-12.20,26.79,3.62,81.56,-7.60,-3.63
217747,0.13,1.02,-0.07,-12.58,27.33,3.34,81.62,-7.52,-3.65
221359,0.14,1.05,-0.07,-12.98,27.66,3.01,81.74,-7.38,-3.66
224982,0.14,1.08,-0.07,-13.56,28.02,2.38,81.96,-7.23,-3.48
228599,0.14,1.10,-0.06,-14.18,28.09,1.65,82.11,-7.18,-3.22
232223,0.14,1.11,-0.06,-14.58,27.94,1.04,82.34,-7.09,-2.86
235833,0.14,1.12,-0.05,-14.90,27.48,0.27,82.46,-7.09,-2.50
239424,0.14,1.11,-0.04,-14.92,26.85,-0.49,82.53,-7.11,-2.25
243046,0.14,1.09,-0.04,-14.66,26.34,-1.01,82.50,-7.21,-2.00
246633,0.14,1.07,-0.03,-13.91,25.76,-1.56,82.47,-7.31,-1.74
250242,0.14,1.04,-0.03,-12.73,25.30,-1.92,82.42,-7.40,-1.54
253831,0.13,1.01,-0.03,-11.62,25.10,-2.05,82.33,-7.50,-1.55
257421,0.13,0.99,-0.03,-9.85,25.08,-2.09,82.23,-7.57,-1.70
261030,0.13,0.96,-0.03,-8.47,25.31,-1.97,82.05,-7.67,-2.05
264632,0.13,0.93,-0.04,-6.64,25.95,-1.73,81.81,-7.77,-2.54
268240,0.13,0.91,-0.05,-5.01,26.89,-1.48,81.56,-7.85,-3.04
271831,0.13,0.89,-0.06,-4.05,27.73,-1.34,81.07,-8.05,-3.83
275420,0.13,0.87,-0.07,-3.13,28.98,-1.27,80.53,-8.23,-4.64
279029,0.13,0.86,-0.08,-2.70,30.43,-1.36,80.05,-8.36,-5.34
282683,0.13,0.85,-0.09,-2.78,31.66,-1.57,79.28,-8.61,-6.32
286293,0.13,0.83,-0.11,-3.39,33.56,-2.06,78.35,-8.91,-7.42
289992,0.14,0.83,-0.12,-4.55,35.83,-2.85,77.66,-9.16,-8.18
293606,0.14,0.83,-0.14,-5.82,37.74,-3.66,76.72,-9.47,-9.20
297210,0.15,0.83,-0.15,-7.98,40.52,-5.08,75.91,-9.80,-10.00
300838,0.15,0.84,-0.16,-10.63,43.45,-6.95,75.48,-10.07,-10.33
304436,0.16,0.85,-0.16,-12.89,45.73,-8.66,75.14,-10.37,-10.51
308054,0.17,0.87,-0.16,-16.14,48.70,-11.37,74.99,-10.56,-10.53
311661,0.17,0.89,-0.16,-19.53,51.57,-14.58,75.02,-10.76,-10.28
315276,0.18,0.91,-0.16,-22.02,53.60,-17.27,75.40,-10.76,-9.72
318882,0.18,0.94,-0.15,-25.22,56.12,-21.07,75.89,-10.69,-9.09
322499,0.18,0.97,-0.15,-28.12,58.46,-25.07,76.39,-10.52,-8.51
326132,0.18,1.00,-0.14,-30.03,60.11,-28.05,77.17,-10.19,-7.70
329749,0.18,1.03,-0.12,-32.15,62.11,-31.89,78.12,-9.70,-6.76
333372,0.17,1.05,-0.11,-33.66,63.80,-35.37,78.89,-9.29,-6.02
336983,0.16,1.08,-0.10,-34.34,64.82,-37.63,80.06,-8.53,-5.03
340600,0.15,1.10,-0.08,-34.53,65.85,-40.02,80.96,-7.94,-4.27
344211,0.14,1.12,-0.06,-33.92,66.38,-41.48,82.21,-7.09,-3.19
347828,0.12,1.13,-0.04,-32.92,66.41,-42.02,83.37,-6.25,-2.16
351423,0.11,1.13,-0.03,-30.90,65.86,-41.95,84.14,-5.67,-1.40
355034,0.10,1.14,-0.01,-28.89,65.16,-41.28,85.12,-4.82,-0.65
358639,0.08,1.14,-0.00,-25.76,63.86,-39.63,85.87,-4.12,-0.02
362263,0.07,1.14,0.01,-22.23,62.23,-37.30,86.25,-3.72,0.34
365867,0.07,1.14,0.01,-19.45,60.84,-35.21,86.60,-3.33,0.61
369481,0.06,1.13,0.01,-15.74,58.70,-32.17,86.77,-3.15,0.64
373115,0.06,1.13,0.01,-12.26,56.40,-29.07,86.84,-3.10,0.53
376724,0.06,1.12,0.01,-9.89,54.55,-26.84,86.75,-3.23,0.26
380336,0.07,1.10,-0.00,-7.13,51.91,-24.09,86.48,-3.50,-0.14
383996,0.07,1.10,-0.01,-4.93,49.19,-21.76,86.18,-3.77,-0.51
387609,0.08,1.09,-0.02,-3.69,47.18,-20.31,85.69,-4.18,-1.03
391305,0.09,1.08,-0.03,-2.61,44.55,-18.84,85.05,-4.67,-1.59
394918,0.10,1.07,-0.04,-2.14,42.05,-18.02,84.48,-5.12,-2.02
398546,0.11,1.07,-0.05,-2.15,40.24,-17.83,83.68,-5.70,-2.67
402176,0.12,1.06,-0.06,-2.66,38.05,-18.14,82.95,-6.29,-3.15
405789,0.12,1.06,-0.06,-3.60,36.05,-19.02,82.47,-6.67,-3.46
409417,0.13,1.05,-0.07,-4.49,34.63,-20.03,81.91,-7.12,-3.80
413024,0.14,1.05,-0.07,-5.86,32.82,-21.73,81.51,-7.49,-3.95
416627,0.14,1.04,-0.07,-7.31,30.98,-23.73,81.36,-7.66,-3.96
420237,0.14,1.03,-0.07,-8.40,29.54,-25.34,81.21,-7.82,-3.96
423832,0.14,1.03,-0.07,-9.68,27.50,-27.50,81.30,-7.81,-3.79
427422,0.14,1.02,-0.07,-10.72,25.34,-29.50,81.42,-7.74,-3.66
431034,0.13,1.01,-0.06,-11.27,23.65,-30.81,81.68,-7.59,-3.35
434639,0.13,1.00,-0.05,-11.71,21.30,-32.31,81.99,-7.40,-3.01
438263,0.13,0.99,-0.05,-11.73,18.79,-33.34,82.29,-7.19,-2.75
441868,0.12,0.98,-0.04,-11.47,16.81,-33.89,82.76,-6.82,-2.38
445482,0.11,0.98,-0.04,-10.75,14.02,-34.21,83.08,-6.57,-2.12
449104,0.11,0.97,-0.03,-9.71,10.95,-34.18,83.51,-6.27,-1.62
452721,0.10,0.96,-0.02,-8.72,8.49,-33.92,83.83,-6.03,-1.25
456332,0.10,0.95,-0.02,-7.15,5.02,-33.31,84.02,-5.88,-0.99
459932,0.09,0.94,-0.01,-5.88,2.35,-32.66,84.19,-5.74,-0.84
463555,0.09,0.94,-0.01,-4.08,-1.21,-31.60,84.28,-5.64,-0.88
467161,0.09,0.93,-0.02,-2.27,-4.69,-30.43,84.33,-5.59,-0.92
470774,0.09,0.93,-0.02,-1.02,-7.15,-29.53,84.24,-5.62,-1.20
474387,0.09,0.92,-0.03,0.46,-10.17,-28.27,84.05,-5.72,-1.60
477995,0.09,0.92,-0.03,1.74,-12.87,-27.11,83.86,-5.81,-1.92
481608,0.10,0.92,-0.04,2.56,-14.70,-26.26,83.55,-5.96,-2.43
485247,0.10,0.91,-0.05,3.39,-16.84,-25.30,83.20,-6.13,-2.89
488869,0.10,0.91,-0.05,3.91,-18.61,-24.47,82.84,-6.32,-3.32
492569,0.10,0.91,-0.06,4.09,-19.77,-23.98,82.42,-6.55,-3.79
496200,0.11,0.91,-0.07,4.12,-20.96,-23.48,82.01,-6.72,-4.28
499811,0.11,0.91,-0.07,3.91,-21.86,-23.16,81.70,-6.87,-4.60
503436,0.11,0.91,-0.08,3.65,-22.32,-23.05,81.33,-7.10,-4.93
507049,0.12,0.91,-0.08,3.15,-22.73,-23.02,81.03,-7.29,-5.18
510649,0.12,0.91,-0.08,2.56,-22.93,-23.21,80.85,-7.47,-5.23
514256,0.12,0.91,-0.08,2.12,-22.96,-23.45,80.72,-7.61,-5.26
517864,0.13,0.92,-0.08,1.56,-22.92,-23.88,80.69,-7.74,-5.13
521477,0.13,0.92,-0.08,1.08,-22.82,-24.43,80.70,-7.81,-4.99
525096,0.13,0.93,-0.08,0.82,-22.75,-24.85,80.78,-7.82,-4.82
528714,0.13,0.93,-0.07,0.61,-22.67,-25.44,81.01,-7.80,-4.43
532321,0.13,0.94,-0.07,0.61,-22.66,-25.97,81.20,-7.75,-4.14
535923,0.13,0.95,-0.06,0.75,-22.70,-26.31,81.47,-7.61,-3.80
539551,0.13,0.96,-0.06,1.15,-22.84,-26.67,81.78,-7.47,-3.37
543181,0.12,0.96,-0.05,1.71,-23.15,-26.92,82.03,-7.34,-3.06
546798,0.12,0.97,-0.05,2.27,-23.45,-26.98,82.33,-7.17,-2.69
550427,0.12,0.98,-0.04,3.21,-23.83,-26.90,82.55,-7.05,-2.37
554036,0.12,0.99,-0.04,4.27,-24.20,-26.72,82.68,-6.98,-2.16
557637,0.12,1.00,-0.04,5.16,-24.35,-26.44,82.82,-6.88,-2.02
561246,0.12,1.00,-0.03,6.38,-24.52,-25.91,82.92,-6.80,-1.91
564852,0.12,1.00,-0.03,7.59,-24.67,-25.22,82.96,-6.78,-1.84
568458,0.12,1.01,-0.03,8.44,-24.79,-24.55,83.00,-6.72,-1.91
572072,0.12,1.01,-0.04,9.48,-24.90,-23.53,83.02,-6.68,-1.99
575677,0.12,1.01,-0.04,10.20,-24.89,-22.64,83.03,-6.63,-2.11
579288,0.12,1.00,-0.04,10.95,-24.81,-21.34,83.01,-6.60,-2.24
582902,0.12,1.00,-0.04,11.53,-24.67,-19.94,82.97,-6.60,-2.39
586518,0.12,0.99,-0.04,11.79,-24.58,-18.87,82.80,-6.70,-2.57
590174,0.12,0.99,-0.05,11.92,-24.52,-17.44,82.66,-6.81,-2.70
593849,0.12,0.98,-0.05,11.85,-24.53,-16.02,82.50,-6.94,-2.81
597514,0.12,0.98,-0.05,11.56,-24.60,-14.64,82.40,-7.00,-2.93
601152,0.12,0.97,-0.05,11.21,-24.58,-13.62,82.24,-7.09,-3.10
604763,0.12,0.96,-0.05,10.61,-24.49,-12.29,82.14,-7.15,-3.21
608379,0.12,0.95,-0.06,9.91,-24.37,-11.07,81.95,-7.30,-3.34
612000,0.13,0.95,-0.06,9.33,-24.31,-10.24,81.74,-7.54,-3.34
615602,0.13,0.94,-0.06,8.52,-24.27,-9.34,81.50,-7.76,-3.40
619211,0.13,0.93,-0.06,7.89,-24.27,-8.76,81.26,-8.05,-3.36
622836,0.14,0.93,-0.05,7.02,-24.23,-8.20,81.12,-8.21,-3.33
626446,0.14,0.94,-0.06,6.12,-24.11,-7.77,81.06,-8.28,-3.33
630055,0.14,0.95,-0.05,5.44,-23.98,-7.54,81.03,-8.34,-3.23
633656,0.14,0.97,-0.05,4.52,-23.73,-7.36,81.11,-8.33,-3.06
637266,0.14,0.98,-0.05,3.68,-23.37,-7.33,81.28,-8.21,-2.90
640869,0.14,1.01,-0.05,3.11,-23.05,-7.34,81.52,-8.02,-2.71
644493,0.14,1.04,-0.04,2.50,-22.49,-7.33,81.96,-7.67,-2.37
648128,0.14,1.06,-0.04,2.15,-21.71,-7.16,82.31,-7.38,-2.13
651740,0.13,1.08,-0.03,2.11,-20.98,-6.87,82.81,-6.94,-1.83
655349,0.13,1.10,-0.03,2.29,-19.74,-6.26,83.31,-6.49,-1.56
658969,0.12,1.11,-0.03,2.87,-18.24,-5.33,83.70,-6.14,-1.33
662566,0.11,1.11,-0.02,3.50,-16.96,-4.43,84.12,-5.78,-1.00
666181,0.11,1.10,-0.01,4.53,-15.15,-2.95,84.43,-5.52,-0.67
669797,0.10,1.10,-0.01,5.76,-13.24,-1.33,84.59,-5.38,-0.51
673425,0.10,1.08,-0.01,6.75,-11.80,-0.02,84.78,-5.19,-0.48
677033,0.09,1.07,-0.01,7.98,-9.89,1.77,84.88,-5.09,-0.42
680634,0.09,1.05,-0.01,9.11,-8.02,3.57,84.95,-5.02,-0.41
684237,0.09,1.03,-0.01,9.85,-6.70,4.93,85.05,-4.91,-0.50
687828,0.09,1.02,-0.01,10.60,-5.04,6.75,85.08,-4.86,-0.67
691496,0.08,1.00,-0.02,11.05,-3.39,8.53,85.13,-4.76,-0.93
695129,0.08,0.98,-0.02,11.15,-2.18,9.91,85.14,-4.67,-1.32
698883,0.08,0.96,-0.03,11.01,-0.44,11.69,85.06,-4.59,-1.81
702508,0.08,0.95,-0.04,10.50,1.57,13.54,84.94,-4.51,-2.27
706131,0.07,0.94,-0.05,9.91,3.33,14.90,84.69,-4.43,-2.91
709745,0.07,0.93,-0.06,8.78,5.98,16.66,84.40,-4.31,-3.55
713365,0.07,0.92,-0.06,7.37,8.92,18.38,84.16,-4.26,-3.98
716973,0.07,0.91,-0.07,6.17,11.25,19.57,83.91,-4.23,-4.37
720591,0.07,0.91,-0.07,4.38,14.41,20.99,83.68,-4.28,-4.62
